%YAML:1.0
---
model_type: PINHOLE
camera_name: camera
image_width: 720 #1232
image_height: 944 #1616
distortion_parameters:
   k1: -2.80525130e-01
   k2: 1.15806413e-01
   p1: -9.84336785e-04
   p2: 1.58479248e-04
projection_parameters:
   fx: 1.556233184415584e+02 #399.433184
   fy: 1.779652800000000e+02 #399.433184
   cx: 2.422085548051948e+02 #621.668624
   cy: 3.681810677227723e+02 #826.36195212
