%YAML:1.0
---
model_type: MEI
camera_name: camera
image_width: 1280 #1920
image_height: 720 #1080
mirror_parameters:
   xi: -2.70215034e-02
distortion_parameters:
   k1: -2.80525130e-01
   k2: 1.15806413e-01
   p1: -9.84336785e-04
   p2: 1.58479248e-04
projection_parameters:
   gamma1: 595.5934 #893.39010814
   gamma2: 598.8843 #898.32648616
   u0: 634.0873 #951.1310043
   v0: 370.0890 #555.13350077



#dis
   #array([[ -2.80525130e-01,   1.15806413e-01,  -9.84336785e-04,
   #          1.58479248e-04,  -2.70215034e-02]])
#int
   #array([[ 893.39010814,    0.        ,  951.1310043 ],
   #       [   0.        ,  898.32648616,  555.13350077],
   #       [   0.        ,    0.        ,    1.        ]])
